Webots Project File version R2025a
perspectives: 000000ff00000000fd0000000300000000000001ca0000039ffc0200000001fb00000012005300630065006e0065005400720065006501000000000000039f0000000000000000000000010000023a000002d1fc0200000001fb0000001400540065007800740045006400690074006f00720100000019000002d10000008a00ffffff0000000300000780000000dafc0100000003fb0000000e0043006f006e0073006f006c006501000001d0000005b00000000000000000fc00000000000007800000006900fffffffa000000000100000001fb0000001a0043006f006e0073006f006c00650041006c006c0041006c006c0100000000ffffffff0000006900fffffffb0000001a0043006f006e0073006f006c00650041006c006c0041006c006c010000000000000780000000000000000000000544000002d100000004000000040000000100000008fc00000000
simulationViewPerspectives: 000000ff000000010000000200000110000005020100000002010000000101
sceneTreePerspectives: 000000ff000000010000000300000022000000c0000000fa0100000002010000000201
minimizedPerspectives: 000000ff00000000fd0000000300000000000001ca0000039ffc0200000001fb00000012005300630065006e0065005400720065006501000000000000039f0000000000000000000000010000023a000002d1fc0200000001fb0000001400540065007800740045006400690074006f00720000000019000002d10000008a00ffffff0000000300000780000000dafc0100000002fb0000000e0043006f006e0073006f006c006501000001d0000005b00000000000000000fc00000000000007800000000000fffffffa000000000100000002fb0000001a0043006f006e0073006f006c00650041006c006c0041006c006c0100000000ffffffff0000000000000000fb0000001a0043006f006e0073006f006c00650041006c006c0041006c006c0100000000ffffffff000000000000000000000780000003ad00000004000000040000000100000008fc00000000
maximizedDockId: -1
centralWidgetVisible: 1
orthographicViewHeight: 1
textFiles: 1 "controllers/pedestrian_working/pedestrian_working.py" "controllers/Mir100_keyboard_controller/Mir100_keyboard_controller.py"
globalOptionalRendering: CameraFrustums::LidarRaysPaths::LidarPointClouds
consoles: Console:All:All
renderingDevicePerspectives: Mir100:body_camera;1;0.267109;0.510035;0.550189
renderingDevicePerspectives: Mir100:depth_camera;1;0.598437;0;0
